7867144895
7874419526
7917925460
7932941653
7933006454
7933021521
7933051823
7933077640
7933088948
7933116122
7933538415
7933672601
7933792735
7933849445
7934351742
7934527850
7935163151
7935183916
7935249933
7935262427
7935355131
7935425738
7935472781
7935803608
7935838761
7935900175
7936101305
7936122071
7936185023
7936250158
7936534036
7936589073
7936787404
7936924272
7936978733
7937217875
7937222280
7937320169
7937400172
7937682838
7937831228
7937972477
7938058440
7938144179
7938380210
7938412382
7938427052
7938567309
7938737966
7938845383
7938855083
7938931136
7939217564
7939280735
7939384427
7939406722
7939570734
7939835187
7939836948
7940308796
7940520529
7940539621
7940701112
7940724883
7940727966
7940923643
7940997316
7941001219
7941032197
7941155789
7941403535
7941416078
7941478455
7941570902
7941601891
7941701442
7941716749
7941759160
7941832969
7941937100
7942029723
7942047760
7942061166
7942079250
7942147163
7942152507
7942172537
7942361557
7942497732
7942541733
7942656270
7942742455
7942747107
7942771005
7942789540
7942927132
7942935052
7942942785
7942990960
7943003346
7943016477
7943235638
7943374856
7943414068
7943454110
7943720742
7943729165
7943759295
7943925783
7943967630
7943995454
7944085052
7944398891
7944424359
7944540095
7944549698
7944566789
7944839128
7944958524
7945019338
7945031241
7945130317
7945172275
7945817599
7945837120
7945963743
7945966938
7945973081
7945979673
7946009465
7946070696
7946097547
7946179233
7946220039
7946300797
7946343858
7946352122
7946354126
7946516284
7946605516
7946626001
7946713259
7946864431
7946920281
7947228049
7947436017
7947460091
7947573243
7947668506
7947696733
7947725036
7947791097
7947837885
7947907422
7947986784
7948217181
7948353132
7948353622
7948399883
7948536439
7948620562
7948623237
7948631648
7948736998
7948910675
7948934740
7949135291
7949174766
7949205052
7949250639
7949253247
7949294440
7949338298
7949547411
7949567725
7950548670
7950549037
7950629436
7950658191
7950669146
7950765021
7950765779
7950870207
7950873184
7950943787
7951009913
7951034653
7951045522
7951046979
7951050468
7951147297
7951164416
7951258532
7951308404
7951324950
7951350594
7951588759
7951646861
7951649233
7951672589
7951870292
7952128724
7952276785
7952523538
7952593721
7952619253
7952737070
7952760325
7952764743
7952883861
7953143245
7953210162
7953290009
7953309901
7953325907
7953573398
7953653155
7953908819
7953989000
7954066638
7954164715
7954234711
7954614216
7954773713
7954786962
7954841479
7954862192
7954951640
7954999157
7955101265
7955140402
7955395720
7955466803
7955744370
7955851959
7955875029
7955965807
7956101822
7956107356
7956351745
7956365539
7956683010
7956697825
7956929824
7957028186
7957031451
7957103647
7957104847
7957299934
7957397723
7957404327
7957489588
7957626644
7957702015
7957733342
7957830467
7958030433
7958188576
7958246857
7958338414
7958431242
7958530627
7958565998
7958622690
7958662242
7958714227
7958722561
7958812577
7959066347
7959183027
7959256520
7959306476
7959417374
7959489978
7959916675
7960261523
7960291569
7960479093
7960546452
7960554843
7960618166
7960632686
7960651811
7960686499
7960780857
7960782029
7960887028
7961008966
7961025329
7961197280
7961276584
7961343264
7961398187
7961491500
7961522199
7961598720
7961616378
7961628996
7961831567
7961885793
7961988569
7962013727
7962057683
7962082062
7962102628
7962123894
7962239383
7962287564
7962314849
7962351351
7962538549
7962566411
7962793284
7962823682
7962892302
7962910187
7963009312
7963088330
7963109972
7963264636
7963389941
7963414995
7963471111
7963541503
7963564043
7963597946
7963646068
7963669661
7963693826
7963696379
7963750536
7963935327
7963962792
7963970695
7963974442
7964023575
7964036187
7964363745
7964604966
7964609429
7964763865
7964801631
7964882659
7964886150
7964948367
7965054436
7965208184
7965363446
7965390816
7965474464
7965539384
7965713536
7965814899
7965850325
7965963205
7966080260
7966154522
7966243149
7966265936
7966346023
7966379792
7966424195
7966496728
7966516780
7966552071
7966562331
7966583463
7966633770
7966819203
7966823816
7967005821
7967052731
7967112639
7967184777
7967283359
7967334134
7967404290
7967432848
7967558419
7967622511
7967633794
7967659158
7967712890
7967751053
7967932512
7967976211
7968030070
7968134792
7968148547
7968226976
7968495777
7968524657
7968749640
7968913067
7968919198
7968931686
7968999592
7969010418
7969140842
7969180448
7969197763
7969261006
7969270481
7969344024
7969356927
7969359577
7969387267
7969411536
7969443857
7969545260
7969720689
7969787769
7969915010
7969929850
7969970588
7970047514
7970058970
7970071470
7970278916
7970289557
7970337608
7970390920
7970399240
7970417879
7970467277
7970701696
7970708298
7970791074
7970850177
7970901520
7970942964
7970968101
7970968246
7970998453
7971011027
7971076788
7971253152
7971303889
7971377714
7971391150
7971513369
7971556157
7971574831
7971628959
7971767107
7971879009
7972121332
7972142415
7972338307
7972552085
7972614332
7972688780
7972957957
7973235271
7973252230
7973273346
7973342523
7973377513
7973966266
7973968113
7973980233
7974138090
7974141174
7974160429
7974194996
7974225757
7974229534
7974265532
7974410562
7974446576
7974454081
7974630412
7974741609
7974913682
7974929672
7975103248
7975130743
7975269448
7975410935
7975417857
7975465188
7975474967
7975493914
7975533049
7975673405
7975747955
7976061559
7976283327
7976336728
7976349035
7976755950
7976800151
7976825051
7977036898
7977717778
7977740990
7977799483
7978001553
7978082090
7978371985
7978505094
7978546089
7978559306
7978845143
7978980901
7978994170
7979150183
7979168685
7979237643
7979296126
7979350363
7979575934
7979666495
7979811373
7979901835
7980208333
7980308471
7980431219
7980443756
7980511557
7980618442
7980767261
7980849732
7980850750
7980865005
7981115322
7981429672
7981728069
7981912040
7981967186
7982128716
7982379518
7982436567
7982467206
7982683439
7982683940
7982726261
7982741132
7982787793
7982838472
7982908357
7982941786
7983080502
7983143237
7983171494
7983265661
7983305886
7983329678
7983353387
7983411791
7983727787
7983833115
7983935885
7983985447
7984066222
7984126967
7984177213
7984181575
7984189842
7984228832
7984312504
7984349923
7984399925
7984654518
7984889121
7984989926
7985041883
7985214196
7985282519
7985320422
7985382366
7985397728
7985461993
7985471458
7985533788
7985603349
7985795130
7985985646
7986047223
7986108644
7986115261
7986171599
7986174040
7986312386
7986317358
7986344536
7986395561
7986398950
7986529198
7986733258
7986737481
7986845840
7986859530
7986863887
7986915263
7986921384
7986998046
7987013065
7987015146
7987021963
7987025579
7987073144
7987222656
7987262127
7987323272
7987333515
7987385897
7987428776
7987434971
7987462563
7987602545
7987737442
7987910042
7988031467
7988060693
7988119204
7988126093
7988163799
7988258356
7988279018
7988313706
7988351464
7988403924
7988439232
7988462224
7988476200
7988642012
7988768797
7988889759
7988909733
7988950295
7989004108
7989044265
7989057716
7989067564
7989120237
7989180923
7989339696
7989406846
7989418137
7989499455
7989602227
7989607716
7989622791
7989728648
7989801036
7989887745
7990018306
7990048046
7990147769
7990159507
7990253950
7990289761
7990327039
7990347747
7990488267
7990614340
7990646166
7990652127
7990800419
7990831890
7990859400
7991041749
7991446360
7991476501
7991478622
7991624052
7991723187
7991732128
7991753406
7991884658
7991977519
7992215097
7992305765
7992350806
7992355942
7992845056
7992848239
7992899343
7992925442
7992929903
7992995051
7993151811
7993389985
7993470940
7993549191
7993552420
7993673482
7993687231
7993828688
7993868297
7993992713
7994126192
7994197640
7994312575
7994342558
7994392526
7994418489
7994421496
7994491075
7994759934
7994799161
7994816368
7994985850
7994991521
7995004326
7995040959
7995288954
7995637496
7995659662
7995709155
7995714315
7995753290
7995797551
7995800551
7995819365
7995928976
7996055467
7996100527
7996153027
7996249011
7996321852
7996340223
7996415654
7996436910
7996445360
7996609261
7996724912
7996786898
7996815023
7996824014
7996838155
7996930798
7997047921
7997098560
7997187316
7997511084
7997524639
7997546309
7997589091
7997600845
7997703895
7997793265
7997796792
7998080934
7998102119
7998446214
7998515666
7998576241
7998681284
7998789780
7998842326
7998845439
7998875331
7999022013
7999022185
7999053992
7999067252
7999279013
7999397654
7999470757
7999551214
7999656770
7999730844
8000053598
8000076895
8000129839
8000134424
8000151505
8000201315
8000212023
8000212582
8000217371
8000225628
8000259475
8000363124
8000470810
8000532587
8000576307
8000655494
8000665255
8000722830
8000871082
8000970648
8001014668
8001266508
8001342362
8001439930
8001478152
8001490796
8001497136
8001600349
8001618569
8001618642
8001724581
8001827154
8001838435
8001897811
8001914182
8001957358
8001959729
8001979673
8002104993
8002128283
8002148940
8002281549
8002427915
8002511847
8002644793
8002701696
8002735211
8003022554
8003187277
8003191702
8003399207
8003438820
8003474754
8003532376
8003535940
8003584331
8003710950
8003820292
8003888951
8003943123
8004048262
8004155639
8004202385
8004252826
8004338009
8004566075
8004674277
8004960764
8005207237
8005334270
8005459702
8005466972
8005476547
8005492727
8005584558
8005586184
8005620866
8005741902
8005849119
8005912050
8005954635
8006021281
8006034121
8006073044
8006172033
8006234815
8006312320
8006321466
8006346163
8006362442
8006468110
8006702191
8006812835
8006828133
8006830197
8006842702
8006861324
8007118955
8007387397
8007718521
8007744706
8007819061
8007825597
8007867875
8007904365
8007970075
8008140815
8008602293
8008781220
8008836798
8008900392
8009026228
8009091590
8009259718
8009274898
8009313094
8009325976
8009522334
8009548093
8009679572
8009908700
8009926621
8010217235
8010218739
8010474519
8010924584
8010986971
8011040511
8011058770
8011137376
8011210941
8011248931
8011254272
8011276313
8011324584
8011677748
8011724505
8011779877
8011845524
8011982773
8012032960
8012058267
8012070273
8012102078
8012170772
8012251699
8012257116
8012280909
8012295874
8012299995
8012302318
8012325316
8012384576
8012511464
8012563276
8012568751
8012638676
8012686193
8012687610
8012796900
8012805560
8012807082
8012831556
8012880298
8012921101
8012956824
8013061925
8013226846
8013276776
8013285456
8013310324
8013340913
8013353046
8013381942
8013412125
8013436170
8013616307
8013770996
8013773275
8013837118
8014194767
8014213312
8014226124
8014268518
8014306005
8014380567
8014512985
8014535194
8014561933
8014599145
8014618651
8014632131
8014690945
8014745898
8014952084
8014997285
8015021388
8015098801
8015152463
8015201973
8015210014
8015216263
8015263260
8015335911
8015355688
8015397057
8015422205
8015445741
8015513890
8015587461
8015654924
8015676844
8015780988
8015855577
8015892883
8015908490
8015971485
8016014741
8016019803
8016051236
8016100019
8016170277
8016228109
8016234602
8016236191
8016300394
8016303905
8016336050
8016367000
8016371508
8016507181
8016543853
8016579363
8016618346
8016640835
8016643236
8016656529
8016665065
8016834283
8016875054
8016888454
8016975456
8016986931
8016987931
8017016282
8017146441
8017210080
8017660939
8017693651
8018486322
8018759639
8018988103
8019390611
8019453996
8020955433
8021087109
8021515486
8021622449
8021950422
8022177525
8022748508
8023071292
8023072628
8023101191
8023110597
8023932633
8024002247
8024572832
8024742195
8024808854
8025213060
8025548003
8026029947
8028657484
8029586240
8029732505
8030583089
8031770173
8031834750
8032403711
8033146669
8033170683
8033690501
8033711975
8033763049
8034255873
8035368361
8035761630
8037094902
8037134343
8037766867
8038013809
8038829210
8039292999
8039895282
8039972465
8040480459
8040723283
8040806886
8040832059
8040982549
8041052247
8041212454
8041432096
8041710428
8041811760
8042017386
8042392965
8043584590
8044665635
8045034084
8045419571
8045485205
8045816829
8046036024
8046450199
8046932901
8046946781
8046960763
8048500928
8048585051
8049587588
8049870199
8050346126
8050544459
8051002638
8052070830
8052788125
8052888814
8053061189
8053130610
8053235579
8054082340
8054300765
8054373779
8054762122
8054930811
8055115475
8055192968
8055724722
8056030820
8056258304
8056269656
8056327668
8056340019
8056413643
8057033530
8057267604
8058355642
8058596232
8058869696
8059310861
8059620352
8060658955
8061213664
8061220590
8062356446
8063280880
8064622250
8064634333
8065069678
8065087770
8065102713
8065129147
8065172572
8065238653
8065523902
8065712393
8065731073
8066933310
8067902381
8068832942
8069198791
8069813200
8070173217
8070389094
8070526020
8071126295
8072002430
8072151937
8072252268
8072781913
8072817777
8074021324
8074030122
8074045627
8074262158
8074535961
8074803151
8074891533
8075216705
8075237979
8076816819
8077056055
8077413442
8077773444
8077778566
8078051704
8078219811
8078259907
8078295785
8078699738
8078735466
8078824975
8079055271
8079127542
8079552822
8080423332
8081052596
8081134529
8081580250
8081735624
8081912487
8082000691
8082510580
8083001098
8083216278
8083302845
8083577483
8083599809
8083640745
8083646721
8083724873
8084173288
8084387038
8084716679
8084728960
8084979352
8085357294
8085594044
8086005994
8086034819
8086053967
8086482765
8086522088
8086600269
8086624454
8086786067
8086895068
8086927408
8087295756
8087333025
8087354714
8087360033
8087392129
8087432528
8088795318
8088904893
8089140225
8089153896
8089281447
8089338803
8090350891
8090520933
8091882464
8092299500
8093585704
8093911681
8094149190
8094313620
8094600747
8094636377
8094666003
8094851333
8095510864
8095605385
8095742731
8095904206
