6879772860
6879782817
6883135758
6883620120
6886411258
6888915657
6890046765
6891537856
6895285362
6896630045
6897187341
6900186521
6900934654
6902330994
6903644860
6905973329
6906495352
6906992286
6908275306
6908277620
6909725620
6909825368
6912735157
6916744427
6918134464
6921048158
6921083411
6921087566
6921808320
6922217472
6922495659
6922557298
6923262899
6923473319
6923799105
6924229893
6924400441
6925888430
6926143627
6926320417
6928139010
6930592868
6931321820
6931345976
6934241724
6935800037
6939118293
6939170904
6939202005
6940420776
6940672329
6940877815
6941373796
6941457017
6944234434
6954546177
6958015512
6958699352
6960228356
6962204312
6962219164
6964725644
6966717058
6968028005
6969156689
6974088578
6974113854
6977458711
6978399265
6978558636
6981788777
6983328039
6990535172
6994441596
6996832186
6997264528
6998200543
6998648753
6998855593
7001680982
7006886059
7006910203
7008977406
7014249310
7014342360
7015739971
7016445261
7017636678
7025711728
7025902623
7027751889
7028385092
7029046719
7031229318
7031486691
7031718787
7033483546
7034605331
7034669969
7036071866
7037708524
7038389809
7038825114
7039323079
7042274081
7043444300
7044105112
7045282839
7045698773
7045927610
7049491420
7050182935
7051231883
7051906210
7052327037
7053773702
7055254816
7056449296
7056733785
7058069601
7058970460
7061873261
7066085286
7066808821
7070822775
7073101873
7076186839
7078685361
7084976208
7085564544
7085868263
7087007833
7089003880
7092710512
7093697883
7095431774
7099307415
7107538108
7109167232
7109961428
7110098513
7114125145
7114848028
7115357593
7119542097
7120002500
7123858590
7125708641
7126681288
7126958872
7127347895
7129161981
7130030247
7130553074
7131373767
7132123299
7135330368
7135389323
7135435762
7137093616
7138207075
7138835502
7139386042
7140703313
7141325287
7143581331
7143606888
7150674422
7151317834
7151473736
7151851534
7156211099
7156219759
7157032246
7161247878
7161935175
7162694880
7162723052
7163009344
7166452107
7166468463
7166764632
7166810564
7166930246
7175706270
7175802591
7177374837
7182902337
7190819065
7193482395
7198210734
7204280119
7204324039
7208755888
7209376788
7210707758
7211808690
7212935438
7216887666
7217484251
7217528657
7219134072
7224162529
7226021728
7226659545
7230869891
7231533625
7232130930
7232138200
7232224168
7232560604
7232835409
7233850699
7236645379
7237342052
7237507028
7242780682
7244526885
7245302066
7246589132
7248615651
7250024370
7250743862
7251251000
7251530726
7252139227
7252649772
7253838842
7254708642
7254934526
7258055258
7259034020
7259917420
7262694048
7264125676
7264268963
7264672889
7264731957
7264741642
7264932826
7265253512
7268235177
7270517409
7274750718
7276289086
7278609188
7279814341
7280501115
7280647247
7282717549
7285141512
7287973808
7289764787
7292193352
7294881516
7295472395
7298281559
7298354024
7300365424
7302356129
7303641661
7305015791
7305634039
7306955432
7307410420
7308861682
7308877237
7309076158
7311696555
7313648501
7314240118
7325358372
7326623165
7326846713
7327736571
7329769609
7331117345
7331293387
7335300548
7335343679
7339408605
7339603303
7339617489
7343135931
7344800802
7345743888
7347550435
7348008272
7349296764
7349734794
7349860431
7350094362
7352189406
7353245002
7355794511
7357767551
7358396547
7359473710
7361562568
7362735342
7363589979
7364717012
7367358051
7368203646
7368285584
7368762054
7369406469
7373300824
7375847472
7377606117
7379287627
7384923955
7384930551
7385115634
7386993810
7389871827
7390768208
7393497681
7395916134
7396721299
7397723336
7398791517
7399761500
7403130175
7403637517
7407740744
7409878024
7409909376
7414331156
7416063613
7417075684
7418699601
7419786730
7420027749
7421830229
7422693506
7422699811
7423888509
7429569708
7435301711
7437610784
7438905499
7441071015
7443483012
7446146171
7449331077
7450268497
7451763467
7452857728
7453770959
7455285181
7455575585
7456667038
7458656272
7459925938
7460294395
7462489220
7462502887
7462525849
7462542526
7462933520
7463275421
7464261452
7464398465
7464980015
7465207955
7466381941
7468284718
7470487222
7473383536
7473591641
7473798686
7473854556
7475800487
7479129774
7479383297
7479449856
7480131364
7481380034
7483938709
7483995690
7484235656
7484241506
7484298580
7488554102
7490168047
7491806639
7495134994
7495827004
7499018246
7499184226
7500735301
7502719817
7505852329
7507887801
7512522858
7515571271
7516748353
7517539529
7518397868
7518409320
7518475268
7519095304
7521670532
7523452210
7525384649
7527700883
7528452277
7530526341
7532641441
7532837936
7534972239
7535097513
7535101972
7537798195
7538308453
7538806690
7539345670
7539891032
7541539605
7545504398
7547333793
7547706300
7552059714
7554431909
7556793846
7558678291
7559008277
7559643100
7563251556
7565202412
7567638504
7568259104
7568401562
7572811057
7572835080
7573810399
7573999622
7574371160
7575420604
7576540982
7578550610
7582611333
7584085457
7584576070
7584774685
7586254302
7586266536
7586297725
7586323755
7586388135
7586397194
7586421637
7586447858
7587144361
7587270810
7588691654
7591035328
7591419861
7591864382
7591880569
7591922091
7594947220
7594992083
7595184124
7595940841
7596185543
7596543962
7598528738
7598900712
7601359450
7601725034
7607389966
7607886509
7608190454
7608539404
7610501401
7610960560
7611245007
7612022145
7612059108
7612973323
7613440340
7615060252
7615461443
7616445613
7618047077
7618625468
7621855575
7623223242
7624305340
7626120270
7629294132
7630618458
7632106198
7637534350
7638772368
7640404922
7640958835
7642952632
7644010844
7646824000
7647878591
7649202467
7650795030
7652051918
7653815046
7656747421
7657924685
7658299191
7659733781
7660874710
7661830167
7661886318
7665636368
7666014441
7666016251
7666103611
7669304154
7670384877
7673263247
7675901629
7679598816
7690378389
7690412245
7691160795
7691170544
7692660309
7693651899
7693652259
7694956119
7697212181
7697298241
7697314556
7699343405
7700937523
7701388397
7701486576
7705036569
7705587099
7706075078
7708865677
7711436383
7713379880
7713612901
7715213288
7716479187
7718904157
7719948040
7720032252
7721080535
7723488812
7725485335
7726132350
7728777679
7729603914
7729651264
7730549010
7732067015
7733806490
7734308210
7735031336
7735036058
7735041907
7735534453
7736881887
7738056208
7739704093
7739771235
7744689909
7746629621
7747335758
7748681212
7752042728
7752213209
7752290260
7753868515
7754987689
7755025604
7755388095
7758350614
7760606422
7760613401
7761279277
7762237192
7762597522
7763790956
7764044886
7765106483
7765190669
7765211479
7765350548
7765798112
7769259720
7769374298
7770002399
7771422440
7771600881
7772067054
7774994950
7777246409
7777630753
7779694311
7779760232
7781404338
7781445919
7781519753
7781534197
7781539791
7781554104
7781559333
7781636244
7783226152
7783228637
7784415728
7785003971
7785104667
7785747566
7786407035
7787477718
7787483832
7789403445
7790563446
7790706824
7792471216
7793244013
7793399711
7794984967
7795731877
7796325184
7804870174
7805171796
7807686559
7808389495
7808886456
7809079362
7809634234
7812237416
7813311164
7814599349
7815195836
7819762690
7820474655
7822413270
7823482681
7824023024
7827255978
7828390036
7829264484
7829515373
7829657462
7830685166
7830848485
7834381123
7836766629
7845317863
7845422673
7845861777
7846108613
7849965672
7851793907
7853436894
7853689622
7853827574
7853891854
7854944621
7855767645
7857286134
7858666294
7858732690
7858858561
7861598762
7865371742
7867894570
7868592817
7868764550
7868765599
7869597440
7870185606
7870641178
7873135431
7874099843
7874157357
7874782529
7876034476
7878806223
7879498130
7880022334
7881919292
7883525649
7884000036
7884865026
7884939870
7887059497
7888445488
7888954969
7889349696
7891342371
7891478986
7891969746
7892689344
7895934317
7896311512
7896400860
7896493574
7897230171
7897669179
7897876159
7898603866
7899080387
7901379213
7903945270
7905494593
7905509526
7905653819
7906408569
7906963807
7909142806
7909433858
7909473436
7909634659
7909853866
7912485969
7912545585
7913329075
7913954637
7915248575
7915349476
7915672556
7915680975
7915767907
7915834013
7915845323
7915868302
7915881887
7915889538
7915897004
7916551684
7918571440
7918664422
7919776856
7920338754
7921047324
7921102577
7921219627
7922119312
7924030515
7924334018
7924976772
7926559457
7927625516
7928930918
7929085653
7929642023
7931884838
7932928895
7934578279
7935644317
7937490346
7938644307
7938708495
7940093099
7940190808
7940428974
7942352699
7945102505
7945181430
7945963570
7946912284
7950361258
7950373168
7950729339
7950865050
7950984673
7951582866
7953841750
7954130078
7954304554
7954397477
7957121567
7957402704
7959481689
7960824470
7961960084
7962285209
7962326669
7965026559
7966432561
7966706070
7969617930
7970962026
7971009489
7971061711
7971172138
7972103907
7972604408
7972957379
7973216506
7973521487
7974019908
7974236599
7974349649
7974695500
7974788358
7975474352
7976482813
7977358407
7978376110
7978572240
7978888297
7979822936
7979847005
7980132839
7980966091
7982716940
7983466274
7983510532
7984099866
7987286323
7987434500
7988137414
7989686407
7990484421
7991090646
7992419184
7992701821
7994661051
7997893811
8000237607
8001941598
8002732090
8004696119
8006228161
8006636732
8007770065
8008326500
8009619677
8010006007
8010785022
8011581636
8013659600
8013808555
8017342651
8017958802
8019986141
8021131591
8021178871
8021801202
8022496930
8022564709
8022920146
8022981709
8023718581
8027129311
8027729732
8028529568
8033163830
8033803920
8034961851
8035308029
8036134962
8036765160
8038865281
8043583613
8044705248
8045047294
8046559301
8046749035
8048578359
8049437327
8049982051
8051370405
8053279056
8054015916
8054110221
8054416572
8056259036
8056916764
8057780469
8058329819
8058579515
8058987197
8059090636
8060482956
8063111984
8066194624
8067199395
8068071185
8068106308
8068517021
8068639828
8068997209
8069911267
8070408674
8070776217
8070884554
8071906799
8072149517
8072362414
8072581561
8073068338
8073155435
8073169979
8073809429
8075806129
8076249059
8076891671
8078258822
8078312958
8078408731
8078993540
8079010547
8079603165
8080755145
8081357592
8082338287
8084425095
8084809368
8084952966
8085120182
8085446338
8085470926
8085845847
8086542711
8086610581
8088057831
8088446371
8090503235
8090664299
8091488953
8091520438
8091813342
8092575648
8093362146
8094226877
8094306585
8094364545
8094700295
8094717750
8095541495
8096040273
8096168788
8096738083
8097542365
8098216159
8098931310
8099656581
8099855655
8099982935
8100615707
8100750110
8101001655
8102003246
8102118766
8102608436
8102989684
8103256017
8103504374
8103519529
8105266058
8105620956
8105885198
8106775667
8107008543
8107238732
8108558050
8108573622
