1475885144
1493898633
1842833068
1852984707
1854417639
1854928584
1855394166
1860211279
1863600352
1866369213
1867574818
1869238087
1881357561
1885841959
1889368868
1914909445
1930266606
1976968908
2011664511
2014160453
2081847419
2081993073
2085187187
2105405811
2130978237
2230876266
2282134805
2336462531
2380228238
2393912357
2430821766
2484006275
2484015022
2484030415
2521826510
2528729681
2606707820
2647685230
2662040909
2665643802
2760268892
2767889683
2779979263
2805472076
2898921472
2908543372
3011074180
3042484677
3157540988
3168179525
3378559347
3400524965
3459553483
3486328774
3571304399
3611036394
3675459851
3692519351
3709553519
3716988667
3802195699
3842999921
3894975860
3931725035
3934161190
3943906863
4057120478
4064922577
4076823785
4084526330
4108699691
4117499147
4123722357
4143516251
4164947082
4192238421
4237485314
4250314178
4298886854
4308789843
4363897507
4377103023
4388196773
4405576895
4455221950
4485231339
4489828585
4491563003
4491954071
4515606870
4520343690
4523305905
4550557307
4577121631
4610033788
4647130512
4653313028
4680235725
4687089566
4697386529
4706251151
4713367508
4769445552
4788046211
4861164781
4879196335
4896547343
4903472703
4916104200
4927931088
4928903653
4941125340
4962036095
4973115337
4973140729
4987163974
4988544916
4998701234
5055972119
5059438161
5070538645
5131110362
5135380295
5144121322
5144454929
5144814056
5208079133
5257023972
5307167148
5310808912
5311069824
5357655764
5396497894
5396517168
5400488003
5406205252
5443813361
5467548601
5502986707
5515034531
5522237884
5528689458
5547874637
5549785638
5573169841
5577460155
5585031316
5594080573
5604476935
5634244032
5634321660
5645632151
5660651419
5673438004
5676363931
5683043812
5692584354
5695583039
5726773144
5752988645
5758786433
5768577054
5794810333
5825157119
5826663105
5834493766
5841954042
5845294309
5848196349
5863283377
5880916180
5897741509
5903050824
5911295915
5920106892
5949554814
5953156288
5972312343
5978806521
5979498479
6017860900
6028230212
6073142275
6079714364
6082696826
6098428308
6103347427
6116393065
6118300876
6137204994
6137267776
6146379991
6146407619
6153157169
6160805724
6189677552
6193590242
6222561932
6264016224
6294458825
6300714151
6349048354
6356860655
6379473507
6382440791
6387491495
6405524947
6411213977
6436140636
6457461165
6465873883
6468757568
6474756102
6499134346
6517072677
6528809122
6619044092
6620538850
6627602749
6635464982
6642048689
6645323875
6646439210
6650378812
6668830166
6673587932
6677748016
6679029066
6684247511
6689733337
6689840350
6734015903
6745115068
6746471364
6746551224
6752821919
6762533806
6764282041
6770114185
6780730269
6780977699
6791732186
6794602016
6794923151
6831803205
6834230349
6835833031
6844405576
6845449010
6876354312
6881338971
6896803394
6921936511
6924570591
6942753565
7014466538
7018215800
7035577985
7066983216
7076561397
7084335782
7086540340
7090817789
7094233552
7120519835
7166084177
7171536236
7180345582
7199032224
7207574152
7224617593
7231473608
7241884306
7248077129
7257049248
7263823030
7274091546
7294404785
7328627102
7334723006
7339268842
7347734092
7392925030
7402975754
7407710130
7424808503
7435458253
7444930353
7463014401
7467618896
7468568218
7494607577
7506675721
7512512029
7535768470
7554092347
7559594920
7610706182
7648457709
7652208940
7652778957
7659324900
7689374909
7697341688
7713570027
7714781968
7716631246
7732997338
7737164693
7748849824
7763214088
7778755380
7818047777
7826844736
7857673876
7858050821
7863556750
7875934026
7884484630
7926759244
7932038021
7944087299
7956202224
7959196240
8004025114
8010062027
8030225373
8043116127
8054944456
8062161373
8068171374
8082176848
8089217944
8092613484
8099904946
8111605692
8112058499
8112205861
8113303282
8114823369
8144199029
8147936794
8149443788
8159831402
8167890132
8171541923
8186002147
8191780729
8207913052
905650521
973901580
